[gd_scene load_steps=2 format=3 uid="uid://b7qp8w3xnk4ym"]

[ext_resource type="Script" uid="uid://dvm8tiastwtkt" path="res://algorithms/fractals/romanesco/romanesco.gd" id="1_romanesco"]

[node name="Romanesco" type="Node3D"]
script = ExtResource("1_romanesco")
max_depth = 3

[node name="Camera3D" type="Camera3D" parent="."]
transform = Transform3D(0.866025, -0.353553, 0.353553, 0, 0.707107, 0.707107, -0.5, -0.612372, 0.612372, 4, 5, 4)
current = true
fov = 65.0

[node name="DirectionalLight3D" type="DirectionalLight3D" parent="."]
transform = Transform3D(0.866025, -0.433013, 0.25, 0, 0.5, 0.866025, -0.5, -0.75, 0.433013, 3, 6, 2)
light_color = Color(1, 0.95, 0.9, 1)
shadow_enabled = true

[node name="DirectionalLight3D2" type="DirectionalLight3D" parent="."]
transform = Transform3D(-0.5, -0.25, -0.829037, 0, 0.956305, -0.292372, 0.866025, -0.146186, -0.478149, -2, 4, -3)
light_color = Color(0.9, 0.95, 1, 1)
light_energy = 0.4

[node name="WorldEnvironment" type="WorldEnvironment" parent="."]

[node name="Camera3D2" type="Camera3D" parent="."]
transform = Transform3D(-0.707107, -0.353553, 0.612372, 0, 0.866025, 0.5, -0.707107, 0.353553, -0.612372, -3, 3, -3)
fov = 65.0
