[gd_scene load_steps=9 format=3 uid="uid://zowuawn6gl6og"]

[ext_resource type="Script" path="res://algorithms/datastructures/redblacktree/redblack_visualization.gd" id="1_redblack_script"]

[sub_resource type="Environment" id="Environment_redblack"]
background_mode = 1
background_color = Color(0.1, 0.05, 0.08, 1)
ambient_light_color = Color(0.5, 0.4, 0.4, 1)
ambient_light_energy = 0.4

[sub_resource type="PlaneMesh" id="PlaneMesh_base"]
size = Vector2(35, 25)

[sub_resource type="StandardMaterial3D" id="StandardMaterial3D_base"]
albedo_color = Color(0.15, 0.1, 0.12, 1)
emission_enabled = true
emission = Color(0.05, 0.03, 0.04, 1)

[sub_resource type="BoxMesh" id="BoxMesh_tree_area"]
size = Vector3(25, 0.1, 20)

[sub_resource type="StandardMaterial3D" id="StandardMaterial3D_tree"]
albedo_color = Color(0.3, 0.2, 0.25, 0.5)
transparency = 1
emission_enabled = true
emission = Color(0.15, 0.1, 0.12, 1)

[sub_resource type="CylinderMesh" id="CylinderMesh_balance"]
top_radius = 0.2
bottom_radius = 0.2
height = 0.1

[sub_resource type="StandardMaterial3D" id="StandardMaterial3D_balance"]
albedo_color = Color(0.8, 0.3, 0.4, 0.8)
transparency = 1
emission_enabled = true
emission = Color(0.4, 0.15, 0.2, 1)

[node name="RedBlackTree_Visualization" type="Node3D"]
script = ExtResource("1_redblack_script")

[node name="Camera3D" type="Camera3D" parent="."]
transform = Transform3D(0.707107, -0.5, 0.5, 0, 0.707107, 0.707107, -0.707107, -0.5, 0.5, 0, 15, 18)
fov = 65.0

[node name="DirectionalLight3D" type="DirectionalLight3D" parent="."]
transform = Transform3D(0.866025, -0.433013, 0.25, 0, 0.5, 0.866025, -0.5, -0.75, 0.433013, 0, 12, 8)
light_energy = 1.3
shadow_enabled = true

[node name="Environment" type="Node3D" parent="."]

[node name="WorldEnvironment" type="WorldEnvironment" parent="Environment"]
environment = SubResource("Environment_redblack")

[node name="BasePlane" type="MeshInstance3D" parent="Environment"]
transform = Transform3D(1, 0, 0, 0, 1, 0, 0, 0, 1, 0, -8, 0)
mesh = SubResource("PlaneMesh_base")
material_override = SubResource("StandardMaterial3D_base")

[node name="TreeZone" type="MeshInstance3D" parent="Environment"]
transform = Transform3D(1, 0, 0, 0, 1, 0, 0, 0, 1, 0, -3, 0)
mesh = SubResource("BoxMesh_tree_area")
material_override = SubResource("StandardMaterial3D_tree")

[node name="BalanceIndicators" type="Node3D" parent="Environment"]

[node name="RedIndicator" type="MeshInstance3D" parent="Environment/BalanceIndicators"]
transform = Transform3D(1, 0, 0, 0, 1, 0, 0, 0, 1, -10, -2, -8)
mesh = SubResource("CylinderMesh_balance")
material_override = SubResource("StandardMaterial3D_balance")

[node name="BlackIndicator" type="MeshInstance3D" parent="Environment/BalanceIndicators"]
transform = Transform3D(1, 0, 0, 0, 1, 0, 0, 0, 1, -8, -2, -8)
mesh = SubResource("CylinderMesh_balance")

[node name="Lighting" type="Node3D" parent="."]

[node name="SpotLight_Red" type="SpotLight3D" parent="Lighting"]
transform = Transform3D(1, 0, 0, 0, 0.707107, 0.707107, 0, -0.707107, 0.707107, -5, 10, 5)
light_energy = 2.2
light_color = Color(0.9, 0.3, 0.3, 1)
spot_range = 20.0
spot_angle = 30.0

[node name="SpotLight_Black" type="SpotLight3D" parent="Lighting"]
transform = Transform3D(1, 0, 0, 0, 0.866025, 0.5, 0, -0.5, 0.866025, 5, 8, 8)
light_energy = 1.8
light_color = Color(0.4, 0.4, 0.6, 1)
spot_range = 18.0
spot_angle = 25.0

[node name="SpotLight_Balance" type="SpotLight3D" parent="Lighting"]
transform = Transform3D(1, 0, 0, 0, 0.5, 0.866025, 0, -0.866025, 0.5, 0, 7, 12)
light_energy = 1.5
light_color = Color(0.6, 0.8, 0.4, 1)
spot_range = 15.0
spot_angle = 35.0 