[gd_scene load_steps=2 format=3 uid="uid://dn5y2kv8mq1pa"]

[ext_resource type="Script" uid="uid://dehg3qwof8ny3" path="res://algorithms/fractals/cantorset/cantor_set.gd" id="1_cantor"]

[node name="CantorSet" type="Node3D"]
script = ExtResource("1_cantor")

[node name="Camera3D" type="Camera3D" parent="."]
transform = Transform3D(0.866025, -0.25, 0.433013, 0, 0.866025, 0.5, -0.5, -0.433013, 0.75, 8, 6, 10)
current = true
fov = 70.0

[node name="DirectionalLight3D" type="DirectionalLight3D" parent="."]
transform = Transform3D(0.866025, -0.433013, 0.25, 0, 0.5, 0.866025, -0.5, -0.75, 0.433013, 4, 8, 3)
shadow_enabled = true

[node name="DirectionalLight3D2" type="DirectionalLight3D" parent="."]
transform = Transform3D(-0.5, -0.433013, -0.75, 0, 0.866025, -0.5, 0.866025, -0.25, -0.433013, -4, 5, -3)
light_energy = 0.5
