[gd_scene load_steps=5 format=3 uid="uid://dn5y2kv8mq1pa"]

[ext_resource type="Script" path="res://algorithms/fractals/cantorset/cantor_set.gd" id="1_cantor"]

[sub_resource type="BoxShape3D" id="BoxShape3D_ground"]
size = Vector3(30, 1, 30)

[sub_resource type="BoxMesh" id="BoxMesh_ground"]
size = Vector3(30, 1, 30)

[sub_resource type="StandardMaterial3D" id="StandardMaterial3D_ground"]
albedo_color = Color(0.3, 0.3, 0.35, 1)
metallic = 0.1
roughness = 0.8

[node name="CantorSet" type="Node3D"]
script = ExtResource("1_cantor")
iteration_interval = 2.0
max_iterations = 5
auto_start = true
initial_bar_length = 9.0
bar_thickness = 0.3
vertical_spacing = 1.5

[node name="Ground" type="StaticBody3D" parent="."]
transform = Transform3D(1, 0, 0, 0, 1, 0, 0, 0, 1, 0, -1, 0)

[node name="GroundCollision" type="CollisionShape3D" parent="Ground"]
transform = Transform3D(1, 0, 0, 0, 1, 0, 0, 0, 1, 0, -0.5, 0)
shape = SubResource("BoxShape3D_ground")

[node name="GroundMesh" type="MeshInstance3D" parent="Ground"]
transform = Transform3D(1, 0, 0, 0, 1, 0, 0, 0, 1, 0, -0.5, 0)
mesh = SubResource("BoxMesh_ground")
surface_material_override/0 = SubResource("StandardMaterial3D_ground")

[node name="Camera3D" type="Camera3D" parent="."]
transform = Transform3D(0.866025, -0.25, 0.433013, 0, 0.866025, 0.5, -0.5, -0.433013, 0.75, 8, 6, 10)
current = true
fov = 70.0

[node name="DirectionalLight3D" type="DirectionalLight3D" parent="."]
transform = Transform3D(0.866025, -0.433013, 0.25, 0, 0.5, 0.866025, -0.5, -0.75, 0.433013, 4, 8, 3)
light_energy = 1.0
shadow_enabled = true

[node name="DirectionalLight3D2" type="DirectionalLight3D" parent="."]
transform = Transform3D(-0.5, -0.433013, -0.75, 0, 0.866025, -0.5, 0.866025, -0.25, -0.433013, -4, 5, -3)
light_energy = 0.5
