[gd_scene load_steps=3 format=3 uid="uid://mp0oqf2kboipw"]

[ext_resource type="Script" uid="uid://biv8jiih61y2g" path="res://algorithms/spacetopology/marchingcubes/scenes/FifteenCasesController.gd" id="1_2f8h9"]

[sub_resource type="Environment" id="Environment_1"]
background_mode = 1
background_color = Color(0.1, 0.1, 0.15, 1)
ambient_light_source = 3
ambient_light_color = Color(0.8, 0.9, 1, 1)
ambient_light_energy = 0.3

[node name="FifteenCasesDemo" type="Node3D"]
script = ExtResource("1_2f8h9")

[node name="CameraController" type="Node3D" parent="."]
transform = Transform3D(1, 0, 0, 0, 0.866025, 0.5, 0, -0.5, 0.866025, 0, 4, 10)

[node name="Camera3D" type="Camera3D" parent="CameraController"]
fov = 60.0
near = 0.1
far = 100.0

[node name="Lighting" type="Node3D" parent="."]

[node name="DirectionalLight3D" type="DirectionalLight3D" parent="Lighting"]
transform = Transform3D(0.707107, -0.5, 0.5, 0, 0.707107, 0.707107, -0.707107, -0.5, 0.5, 0, 10, 0)
light_energy = 0.8
shadow_enabled = true
shadow_bias = 0.05

[node name="DirectionalLight3D2" type="DirectionalLight3D" parent="Lighting"]
transform = Transform3D(-0.707107, -0.5, -0.5, 0, 0.707107, -0.707107, 0.707107, -0.5, -0.5, 0, 10, 0)
light_color = Color(0.9, 0.95, 1, 1)
light_energy = 0.4

[node name="Environment" type="Node3D" parent="."]

[node name="WorldEnvironment" type="WorldEnvironment" parent="Environment"]
environment = SubResource("Environment_1")

[node name="UI" type="Control" parent="."]
visible = false
layout_mode = 3
anchors_preset = 15
anchor_right = 1.0
anchor_bottom = 1.0
grow_horizontal = 2
grow_vertical = 2
mouse_filter = 2

[node name="Instructions" type="Label" parent="UI"]
modulate = Color(1, 1, 1, 0.8)
layout_mode = 1
anchors_preset = 2
anchor_top = 1.0
anchor_bottom = 1.0
offset_left = 20.0
offset_top = -120.0
offset_right = 400.0
offset_bottom = -20.0
grow_vertical = 0
text = "🔮 Marching Cubes - 15 Surface Cases

Controls:
W - Toggle wireframes
L - Toggle labels  
A - Toggle animation
R - Regenerate cases

Red spheres = Inside surface
Blue spheres = Outside surface"
