[gd_scene load_steps=5 format=3 uid="uid://z8ru4rfagcwp3"]

[ext_resource type="Script" path="res://algorithms/fractals/sierpinskitriangle/sierpinski_triangle.gd" id="1_sierpinski"]

[sub_resource type="ProceduralSkyMaterial" id="ProceduralSkyMaterial_sky"]
sky_top_color = Color(0.12, 0.14, 0.22, 1)
sky_horizon_color = Color(0.35, 0.36, 0.42, 1)
ground_bottom_color = Color(0.05, 0.05, 0.08, 1)
ground_horizon_color = Color(0.2, 0.2, 0.25, 1)

[sub_resource type="Sky" id="Sky_env"]
sky_material = SubResource("ProceduralSkyMaterial_sky")

[sub_resource type="Environment" id="Environment_main"]
background_mode = 2
sky = SubResource("Sky_env")
ambient_light_source = 3
ambient_light_color = Color(0.4, 0.45, 0.6, 1)
ambient_light_energy = 0.5
tonemap_mode = 2
glow_enabled = true
glow_intensity = 0.8
glow_strength = 1.2
glow_bloom = 0.3
glow_blend_mode = 0

[node name="SierpinskiTriangle" type="Node3D"]
script = ExtResource("1_sierpinski")
subdivision_interval = 1.0
max_iterations = 6
auto_start = true
triangle_size = 1.0
triangle_thickness = 0.05
extrude_on_subdivision = true
extrusion_height = 0.15
colorize_by_depth = true

[node name="WorldEnvironment" type="WorldEnvironment" parent="."]
environment = SubResource("Environment_main")

[node name="Camera3D" type="Camera3D" parent="."]
transform = Transform3D(0.866025, -0.353553, 0.353553, 0, 0.707107, 0.707107, -0.5, -0.612372, 0.612372, 2, 2.5, 2)
current = true
fov = 65.0

[node name="Camera3DTop" type="Camera3D" parent="."]
transform = Transform3D(1, 0, 0, 0, -4.37114e-08, 1, 0, -1, -4.37114e-08, 0, 4, 0)
fov = 70.0

[node name="DirectionalLight3D" type="DirectionalLight3D" parent="."]
transform = Transform3D(0.866025, -0.433013, 0.25, 0, 0.5, 0.866025, -0.5, -0.75, 0.433013, 3, 5, 2)
light_color = Color(1, 0.9, 0.8, 1)
light_energy = 1.5
shadow_enabled = true
shadow_bias = 0.02

[node name="DirectionalLight3D2" type="DirectionalLight3D" parent="."]
transform = Transform3D(-0.5, -0.433013, -0.75, 0, 0.866025, -0.5, 0.866025, -0.25, -0.433013, -2, 4, -3)
light_color = Color(0.5, 0.7, 1, 1)
light_energy = 0.6

[node name="OmniLight3D" type="OmniLight3D" parent="."]
transform = Transform3D(1, 0, 0, 0, 1, 0, 0, 0, 1, 0, 1.5, 0)
light_color = Color(1, 0.95, 0.9, 1)
light_energy = 1.0
omni_range = 8.0
omni_attenuation = 0.5
