[gd_scene load_steps=3 format=3 uid="uid://cx06kvsp630bw"]

[ext_resource type="Script" uid="uid://0crg4h4q278v" path="res://algorithms/proceduralgeneration/marchingcave/Scenes/marching_cubes_gallery.gd" id="1_gallery"]

[sub_resource type="Environment" id="Environment_gallery"]
background_mode = 1
background_color = Color(0.02, 0.02, 0.03, 1)
ambient_light_source = 2
ambient_light_color = Color(0.4, 0.4, 0.5, 1)
ambient_light_energy = 0.8
reflected_light_source = 2
tonemap_mode = 2
ssao_enabled = true
ssao_radius = 4.0
ssil_enabled = true
glow_enabled = true
glow_intensity = 2.0
glow_bloom = 0.4
fog_enabled = true
fog_light_color = Color(0.3, 0.3, 0.4, 1)
fog_light_energy = 0.5
fog_density = 0.002
volumetric_fog_enabled = true
volumetric_fog_albedo = Color(0.3, 0.3, 0.4, 1)
volumetric_fog_emission = Color(0.1, 0.1, 0.15, 1)
adjustment_enabled = true
adjustment_brightness = 1.05
adjustment_contrast = 1.1
adjustment_saturation = 1.05

[node name="MarchingCubesGallery" type="Node3D"]
script = ExtResource("1_gallery")
spacing = 18.0
sculpture_scale = 0.5
rotation_speed = 0.08

[node name="WorldEnvironment" type="WorldEnvironment" parent="."]
environment = SubResource("Environment_gallery")

[node name="Camera3D" type="Camera3D" parent="."]
transform = Transform3D(0.866025, -0.25, 0.433013, 0, 0.866025, 0.5, -0.5, -0.433013, 0.75, 25, 20, 30)
fov = 65.0
near = 0.5
far = 200.0

[node name="DirectionalLight3D" type="DirectionalLight3D" parent="."]
transform = Transform3D(0.707107, -0.612372, 0.353553, 0, 0.5, 0.866025, -0.707107, -0.612372, 0.353553, 0, 25, 0)
light_color = Color(1, 0.95, 0.9, 1)
light_energy = 1.5
light_indirect_energy = 1.5
shadow_enabled = true
shadow_bias = 0.05
directional_shadow_mode = 1
directional_shadow_max_distance = 150.0

[node name="SpotLight3D_Key" type="SpotLight3D" parent="."]
transform = Transform3D(1, 0, 0, 0, 0.707107, 0.707107, 0, -0.707107, 0.707107, -20, 20, 20)
light_color = Color(1, 0.9, 0.8, 1)
light_energy = 3.0
light_indirect_energy = 2.0
shadow_enabled = true
spot_range = 60.0
spot_angle = 50.0

[node name="SpotLight3D_Fill" type="SpotLight3D" parent="."]
transform = Transform3D(1, 0, 0, 0, 0.707107, 0.707107, 0, -0.707107, 0.707107, 20, 15, 20)
light_color = Color(0.8, 0.85, 1, 1)
light_energy = 2.0
light_indirect_energy = 1.5
shadow_enabled = true
spot_range = 50.0

[node name="GalleryFloor" type="CSGBox3D" parent="."]
transform = Transform3D(1, 0, 0, 0, 1, 0, 0, 0, 1, 0, -6, 9)
size = Vector3(80, 0.5, 50)

[node name="Title" type="Label3D" parent="."]
transform = Transform3D(1, 0, 0, 0, 1, 0, 0, 0, 1, 0, 12, -10)
text = "🎨 Marching Cubes Gallery - 7 Forms"
font_size = 48

[node name="Instructions" type="Label3D" parent="."]
transform = Transform3D(1, 0, 0, 0, 1, 0, 0, 0, 1, 0, 9, -10)
text = "Each sculpture uses different marching cubes parameters
Sculptures slowly rotate to show all angles"
font_size = 20
outline_size = 6
