[gd_scene load_steps=5 format=3 uid="uid://bcr7ldwvca3vl"]

[ext_resource type="Material" uid="uid://ci35dxa4c1wj5" path="res://algorithms/proceduralgeneration/marchingcave/Materials/TerrainMat.tres" id="1_gptaj"]
[ext_resource type="Script" uid="uid://c2aji3u2bgmv8" path="res://algorithms/proceduralgeneration/marchingcave/Scripts/TerrainGenerator.gd" id="2_kc6u2"]

[sub_resource type="Environment" id="Environment_q07dc"]
background_mode = 1
ssao_enabled = true
ssao_radius = 7.46
ssao_intensity = 4.0
ssao_power = 1.17688
ssao_detail = 0.0
ssao_horizon = 0.08
ssao_sharpness = 0.39
ssao_light_affect = 1.0
ssao_ao_channel_affect = 1.0
glow_enabled = true
glow_intensity = 8.0
glow_strength = 0.43
glow_bloom = 1.0
glow_map_strength = 0.0
fog_light_energy = 0.0
fog_height_density = -10.3385
volumetric_fog_enabled = true
volumetric_fog_density = 0.02
volumetric_fog_albedo = Color(0.180392, 0.27451, 0.470588, 1)
volumetric_fog_emission_energy = 0.0
volumetric_fog_gi_inject = 0.71
volumetric_fog_anisotropy = -0.08
volumetric_fog_length = 15.75
volumetric_fog_detail_spread = 6.0
volumetric_fog_temporal_reprojection_amount = 0.696
adjustment_enabled = true
adjustment_contrast = 1.05
adjustment_saturation = 1.25

[sub_resource type="BoxMesh" id="BoxMesh_gptaj"]

[node name="Node3D" type="Node3D"]

[node name="Terrain" type="MeshInstance3D" parent="."]
material_override = ExtResource("1_gptaj")
script = ExtResource("2_kc6u2")
noise_offset = Vector3(152.543, -150, 100)
iso_level = 1.11
chunk_scale = 300.0
use_fallback_cave = true

[node name="DirectionalLight3D" type="DirectionalLight3D" parent="."]
transform = Transform3D(0.99624, 0.0489368, -0.0714891, -4.23437e-09, 0.825182, 0.564866, 0.0866343, -0.562742, 0.82208, 0, 3.75176, 6.83158)
light_color = Color(0.992157, 0.937255, 0.827451, 1)
light_energy = 0.611
light_indirect_energy = 0.0
light_volumetric_fog_energy = 1.646
shadow_bias = 0.049
shadow_normal_bias = 1.899
shadow_opacity = 0.51
shadow_blur = 8.013
directional_shadow_mode = 1
directional_shadow_split_1 = 0.201
directional_shadow_max_distance = 462.7

[node name="DirectionalLight3D2" type="DirectionalLight3D" parent="."]
transform = Transform3D(0.873924, -0.289507, 0.390438, 0.0525481, -0.742287, -0.668019, 0.483213, 0.604315, -0.633489, 0, 3.75176, -3.80705)
light_color = Color(0.462745, 0.439216, 0.729412, 1)
light_energy = 0.165
light_indirect_energy = 4.352
light_volumetric_fog_energy = 4.352
sky_mode = 1

[node name="DirectionalLight3D3" type="DirectionalLight3D" parent="."]
transform = Transform3D(0.213482, 0.115842, -0.970055, -0.0231207, 0.993266, 0.113526, 0.976673, -0.00180745, 0.214723, -1.20293, 0.239224, 0.0379982)
light_color = Color(0, 0.682353, 0.388235, 1)
light_energy = 0.165
light_indirect_energy = 1.609
light_volumetric_fog_energy = 4.352
sky_mode = 1

[node name="WorldEnvironment" type="WorldEnvironment" parent="."]
environment = SubResource("Environment_q07dc")

[node name="Camera3D" type="Camera3D" parent="."]
transform = Transform3D(1, 0, 0, 0, 0.707107, 0.707107, 0, -0.707107, 0.707107, 0, 40, 60)
fov = 60.0

[node name="MeshInstance3D" type="MeshInstance3D" parent="."]
transform = Transform3D(1, 0, 0, 0, 1, 0, 0, 0, 1, 5, 5, 5)
mesh = SubResource("BoxMesh_gptaj")
