[gd_scene load_steps=6 format=3 uid="uid://4014w3d3gucmj"]

[ext_resource type="PackedScene" uid="uid://ae6rb7mxmjs50" path="res://commons/primitives/cubes/grab_stick.tscn" id="1_lnc80"]
[ext_resource type="Script" uid="uid://z5aac1ylncx1o" path="res://algorithms/color/color_scanner/color_scanner.gd" id="2_7h4kv"]

[sub_resource type="BoxMesh" id="BoxMesh_2"]
size = Vector3(0.01, 0.1, 0.165)

[sub_resource type="BoxMesh" id="BoxMesh_1"]
size = Vector3(0.01, 0.14, 0.17)

[sub_resource type="BoxMesh" id="BoxMesh_3"]
size = Vector3(0.01, 0.01, 1.5)

[node name="GrabStick" instance=ExtResource("1_lnc80")]
ranged_grab_method = 1
second_hand_grab = 0

[node name="MeshInstance3D" parent="." index="1"]
transform = Transform3D(-3.28406e-16, -0.195, 7.36537e-08, -8.74228e-09, -8.52372e-09, -1.685, 0.2, 0, -7.36537e-08, 0.00458009, -0.00159508, 0)

[node name="GrabStick_ColorScanner#DisplayScreen" type="MeshInstance3D" parent="MeshInstance3D" index="0"]
transform = Transform3D(-1.86329e-07, 1.14231e-07, 5, 2.68032, 4.372, 0, -0.505958, 0.310185, -2.59415e-08, -2.22513e-08, -0.0251304, -0.0604214)
mesh = SubResource("BoxMesh_2")
skeleton = NodePath("../..")

[node name="GrabStick_ColorScanner#ScannerBody" type="MeshInstance3D" parent="MeshInstance3D" index="1"]
transform = Transform3D(-1.92764e-07, 1.03e-07, 5, 2.41679, 4.52301, 0, -0.523435, 0.279688, -2.59415e-08, -2.0345e-08, 0, -0.055245)
mesh = SubResource("BoxMesh_1")
skeleton = NodePath("../..")

[node name="GrabStick_ColorScanner#ScanningBeam" type="MeshInstance3D" parent="MeshInstance3D" index="2"]
transform = Transform3D(5, 2.84217e-14, -1.69407e-21, 0, -2.24161e-07, -5.1282, -5.32907e-15, 0.593472, -2.59415e-08, 0.00458149, -3.87572, -0.0473494)
mesh = SubResource("BoxMesh_3")
skeleton = NodePath("../..")

[node name="GrabStick#ColorScanner" type="Node3D" parent="MeshInstance3D" index="3"]
transform = Transform3D(-2.18557e-07, 0, 5, 0, 5.1282, 0, -0.593472, 0, -2.59415e-08, -1.47187e-08, 0, -0.0399673)
script = ExtResource("2_7h4kv")

[node name="RayCast3D" type="RayCast3D" parent="MeshInstance3D/GrabStick#ColorScanner" index="0"]
transform = Transform3D(0.00596897, 0.999982, 0, -0.999982, 0.00596897, 0, 0, 0, 1, 0, 0, 0)

[node name="HighlightRing" parent="." index="2"]
transform = Transform3D(-4.37114e-08, -1, 0, 1, -4.37114e-08, 0, 0, 0, 1, 0.00458009, 3.07783e-05, 0.0739675)

[node name="GrabPointHandLeft" parent="." index="3"]
transform = Transform3D(4.91085e-09, -0.128311, -0.991734, -0.0412479, 0.99089, -0.128202, 0.999149, 0.040907, -0.00529256, 0.0881572, -0.0283646, 0.0177133)
visible = true

[node name="GrabPointHandRight" parent="." index="4"]
transform = Transform3D(-4.65366e-10, -0.128311, -0.991734, 0.0412479, 0.99089, -0.128202, 0.999149, -0.0409069, 0.00529256, 0.0885801, -0.0285951, -0.018)

[node name="GrabPointGripLeft" parent="." index="5"]
transform = Transform3D(5.31776e-09, -0.128311, -0.991734, 0.0412478, -0.99089, 0.128202, -0.999149, -0.0409069, 0.00529255, 0.0885801, -0.138458, -0.018)

[node name="GrabPointGripRight" parent="." index="6"]
transform = Transform3D(-6.97792e-10, -0.128311, -0.991734, -0.041248, -0.99089, 0.128202, -0.999149, 0.040907, -0.00529257, 0.0885801, -0.138595, 0.018)

[node name="Camera3D" type="Camera3D" parent="." index="7"]
transform = Transform3D(0.807475, 0, 0.589901, 0, 1, 0, -0.589901, 0, 0.807475, 0.130087, 0.0107937, 0.539753)
