[gd_scene load_steps=3 format=3 uid="uid://ufjolrwzdug74"]

[ext_resource type="Script" path="res://algorithms/fractals/mengersponge/menger_sponge.gd" id="1_menger"]
[ext_resource type="PackedScene" uid="uid://bol8azezh8gyl" path="res://commons/primitives/cubes/cube_scene.tscn" id="2_cube"]

[node name="MengerSponge" type="Node3D"]
script = ExtResource("1_menger")
subdivision_interval = 1.0
max_iterations = 4
auto_start = true

[node name="InitialCube" parent="." instance=ExtResource("2_cube")]
transform = Transform3D(2, 0, 0, 0, 2, 0, 0, 0, 2, 0, 0, 0)

[node name="Camera3D" type="Camera3D" parent="."]
transform = Transform3D(0.866025, -0.25, 0.433013, 0, 0.866025, 0.5, -0.5, -0.433013, 0.75, 5, 4, 7)
current = true
fov = 60.0

[node name="DirectionalLight3D" type="DirectionalLight3D" parent="."]
transform = Transform3D(0.866025, -0.433013, 0.25, 0, 0.5, 0.866025, -0.5, -0.75, 0.433013, 3, 6, 2)
light_energy = 0.9
shadow_enabled = true

[node name="DirectionalLight3D2" type="DirectionalLight3D" parent="."]
transform = Transform3D(-0.866025, -0.433013, -0.25, 0, 0.5, -0.866025, 0.5, -0.75, -0.433013, -3, 4, -2)
light_energy = 0.4
