[gd_scene load_steps=9 format=3 uid="uid://dj5m8v9k2qrxz"]

[ext_resource type="Script" path="res://algorithms/cryptography/rsa/rsa_visualization.gd" id="1_rsa_script"]

[sub_resource type="Environment" id="Environment_rsa"]
background_mode = 1
background_color = Color(0.05, 0.05, 0.08, 1)
ambient_light_color = Color(0.3, 0.4, 0.5, 1)
ambient_light_energy = 0.3

[sub_resource type="PlaneMesh" id="PlaneMesh_base"]
size = Vector2(25, 25)

[sub_resource type="StandardMaterial3D" id="StandardMaterial3D_base"]
albedo_color = Color(0.1, 0.12, 0.15, 1)
emission_enabled = true
emission = Color(0.02, 0.04, 0.06, 1)

[sub_resource type="BoxMesh" id="BoxMesh_encryption_area"]
size = Vector3(8, 0.1, 6)

[sub_resource type="StandardMaterial3D" id="StandardMaterial3D_encryption"]
albedo_color = Color(0.2, 0.3, 0.4, 0.6)
transparency = 1
emission_enabled = true
emission = Color(0.1, 0.15, 0.2, 1)

[sub_resource type="BoxMesh" id="BoxMesh_key_area"]
size = Vector3(12, 0.1, 3)

[sub_resource type="StandardMaterial3D" id="StandardMaterial3D_keys"]
albedo_color = Color(0.3, 0.2, 0.4, 0.6)
transparency = 1
emission_enabled = true
emission = Color(0.15, 0.1, 0.2, 1)

[node name="RSA_Visualization" type="Node3D"]
script = ExtResource("1_rsa_script")

[node name="Camera3D" type="Camera3D" parent="."]
transform = Transform3D(0.707107, -0.408248, 0.57735, 0, 0.816497, 0.57735, -0.707107, -0.408248, 0.57735, 0, 8, 10)
fov = 55.0

[node name="DirectionalLight3D" type="DirectionalLight3D" parent="."]
transform = Transform3D(0.707107, -0.5, 0.5, 0, 0.707107, 0.707107, -0.707107, -0.5, 0.5, 0, 8, 0)
light_energy = 1.0
shadow_enabled = true

[node name="Environment" type="Node3D" parent="."]

[node name="WorldEnvironment" type="WorldEnvironment" parent="Environment"]
environment = SubResource("Environment_rsa")

[node name="BasePlane" type="MeshInstance3D" parent="Environment"]
transform = Transform3D(1, 0, 0, 0, 1, 0, 0, 0, 1, 0, -3, 0)
mesh = SubResource("PlaneMesh_base")
material_override = SubResource("StandardMaterial3D_base")

[node name="EncryptionZone" type="MeshInstance3D" parent="Environment"]
transform = Transform3D(1, 0, 0, 0, 1, 0, 0, 0, 1, 0, -1, 1)
mesh = SubResource("BoxMesh_encryption_area")
material_override = SubResource("StandardMaterial3D_encryption")

[node name="KeyZone" type="MeshInstance3D" parent="Environment"]
transform = Transform3D(1, 0, 0, 0, 1, 0, 0, 0, 1, 0, -1, -2)
mesh = SubResource("BoxMesh_key_area")
material_override = SubResource("StandardMaterial3D_keys")

[node name="Lighting" type="Node3D" parent="."]

[node name="SpotLight_Keys" type="SpotLight3D" parent="Lighting"]
transform = Transform3D(1, 0, 0, 0, 0.707107, 0.707107, 0, -0.707107, 0.707107, 0, 5, 0)
light_energy = 2.0
spot_range = 15.0
spot_angle = 30.0

[node name="SpotLight_Encryption" type="SpotLight3D" parent="Lighting"]
transform = Transform3D(1, 0, 0, 0, 0.866025, 0.5, 0, -0.5, 0.866025, 0, 6, 3)
light_energy = 1.5
light_color = Color(0.9, 0.8, 0.6, 1)
spot_range = 12.0
spot_angle = 25.0 