[gd_scene load_steps=2 format=3 uid="uid://bv1xfbo0g8kyg"]

[ext_resource type="Script" uid="uid://0crg4h4q278v" path="res://algorithms/proceduralgeneration/marchingcave/Scenes/marching_cubes_gallery.gd" id="1_gallery"]

[node name="SculptureGallery" type="Node3D"]
script = ExtResource("1_gallery")
spacing = 3.0
sculpture_scale = 1.0
enable_rotation = false
rotation_speed = 0.08
trace_individual_elements = true

[node name="Camera3D" type="Camera3D" parent="."]
transform = Transform3D(0.866025, -0.25, 0.433013, 0, 0.866025, 0.5, -0.5, -0.433013, 0.75, 30, 25, 35)
fov = 60.0
near = 0.5
far = 200.0

[node name="DirectionalLight3D" type="DirectionalLight3D" parent="."]
transform = Transform3D(0.707107, -0.612372, 0.353553, 0, 0.5, 0.866025, -0.707107, -0.612372, 0.353553, 0, 30, 0)
light_color = Color(1, 0.95, 0.9, 1)
light_energy = 1.2
light_indirect_energy = 1.5
shadow_enabled = true
shadow_bias = 0.05
directional_shadow_mode = 1

[node name="SpotLight3D" type="SpotLight3D" parent="."]
transform = Transform3D(1, 0, 0, 0, 0.707107, 0.707107, 0, -0.707107, 0.707107, -20, 20, 20)
light_color = Color(0.9, 0.8, 0.7, 1)
light_energy = 2.0
shadow_enabled = true
spot_range = 50.0

[node name="SpotLight3D2" type="SpotLight3D" parent="."]
transform = Transform3D(1, 0, 0, 0, 0.707107, 0.707107, 0, -0.707107, 0.707107, 20, 20, 20)
light_color = Color(0.8, 0.85, 1, 1)
light_energy = 2.0
shadow_enabled = true
spot_range = 50.0

[node name="OmniLight3D" type="OmniLight3D" parent="."]
transform = Transform3D(1, 0, 0, 0, 1, 0, 0, 0, 1, 0, 15, 0)
light_color = Color(1, 1, 0.95, 1)
light_energy = 1.5
light_indirect_energy = 2.0
omni_range = 60.0

[node name="GalleryFloor" type="CSGBox3D" parent="."]
visible = false
size = Vector3(100, 1, 50)

[node name="Title" type="Label3D" parent="."]
transform = Transform3D(1, 0, 0, 0, 1, 0, 0, 0, 1, 0, 18, -15)
text = "🎨 Minimal Forms from 4D Noise Space"
font_size = 48

[node name="Instructions" type="Label3D" parent="."]
transform = Transform3D(1, 0, 0, 0, 1, 0, 0, 0, 1, 0, 14, -15)
text = "7 Simple Objects (~1 meter) | Smooth Blobs from Marching Cubes | Largest Component Only"
font_size = 20
outline_size = 6

[node name="CSGBox3D" type="CSGBox3D" parent="."]
